# unix_time, cycles_done, cur_path, paths_total, pending_total, pending_favs, map_size, unique_crashes, unique_hangs, max_depth, execs_per_sec
1669686926, 0, 0, 1, 1, 1, 0.05%, 0, 0, 1, 533.33
1669686931, 0, 0, 78, 78, 1, 0.42%, 1, 0, 2, 4202.82
1669686936, 0, 4, 91, 89, 35, 0.43%, 2, 0, 3, 4297.64
1669686941, 0, 16, 101, 93, 35, 0.45%, 2, 0, 3, 4374.17
1669686946, 0, 26, 114, 100, 32, 0.49%, 3, 0, 3, 4393.54
1669686951, 0, 27, 123, 108, 35, 0.49%, 3, 0, 3, 4396.18
1669686957, 0, 43, 133, 114, 32, 0.50%, 3, 0, 3, 4102.89
1669686962, 0, 45, 143, 123, 34, 0.50%, 4, 0, 3, 3811.13
1669686967, 0, 69, 153, 125, 30, 0.53%, 4, 0, 3, 3781.07
1669686972, 0, 71, 157, 128, 31, 0.53%, 4, 0, 3, 4044.51
1669686977, 0, 87, 164, 129, 26, 0.53%, 6, 0, 4, 4262.28
1669686982, 0, 87, 168, 133, 26, 0.55%, 6, 0, 4, 3934.26
1669686987, 0, 102, 174, 133, 21, 0.55%, 6, 0, 4, 3751.08
1669686992, 0, 102, 184, 143, 21, 0.57%, 6, 0, 4, 3859.90
1669686997, 0, 121, 190, 144, 22, 0.57%, 6, 0, 4, 3874.04
1669687002, 0, 152, 195, 139, 15, 0.57%, 6, 0, 4, 4214.97
1669687007, 0, 169, 209, 148, 11, 0.60%, 8, 0, 5, 4328.30
1669687012, 0, 180, 214, 152, 15, 0.60%, 8, 0, 5, 4338.04
1669687017, 0, 181, 223, 160, 16, 0.60%, 8, 0, 5, 4352.12
1669687022, 0, 183, 227, 163, 15, 0.60%, 9, 0, 5, 3938.13
1669687027, 0, 193, 229, 163, 13, 0.60%, 9, 0, 5, 4025.46
1669687033, 0, 198, 233, 164, 11, 0.61%, 9, 0, 6, 4202.27
1669687038, 0, 200, 236, 166, 10, 0.61%, 10, 0, 6, 4266.70
1669687043, 0, 200, 239, 169, 10, 0.62%, 13, 0, 6, 4175.78
1669687048, 0, 214, 242, 167, 9, 0.63%, 14, 0, 6, 4222.69
1669687053, 0, 238, 250, 172, 6, 0.65%, 16, 0, 7, 4356.65
1669687058, 0, 238, 252, 174, 6, 0.65%, 16, 0, 7, 4293.83
1669687063, 0, 245, 253, 169, 7, 0.65%, 17, 0, 8, 4140.15
1669687068, 0, 245, 258, 174, 7, 0.69%, 17, 0, 8, 3996.21
1669687073, 0, 250, 260, 173, 6, 0.69%, 17, 0, 8, 4283.54
1669687078, 0, 250, 270, 183, 6, 0.70%, 17, 0, 8, 4381.78
1669687083, 0, 255, 272, 183, 13, 0.71%, 17, 0, 9, 4421.88
1669687088, 0, 255, 274, 185, 13, 0.71%, 17, 0, 9, 4415.17
1669687093, 0, 262, 275, 182, 10, 0.71%, 17, 0, 9, 4432.03
1669687098, 0, 265, 276, 180, 7, 0.71%, 17, 0, 9, 4437.84
1669687103, 0, 270, 277, 178, 4, 0.71%, 17, 0, 9, 4404.33
1669687108, 1, 86, 277, 170, 0, 0.71%, 17, 0, 9, 4418.78
1669687113, 1, 89, 282, 173, 0, 0.71%, 17, 0, 9, 4392.33
1669687118, 1, 117, 282, 167, 0, 0.71%, 17, 0, 9, 4395.88
1669687123, 1, 141, 282, 162, 0, 0.71%, 17, 0, 9, 4394.71
1669687128, 1, 163, 283, 159, 0, 0.71%, 17, 0, 9, 4351.17
1669687134, 1, 225, 285, 158, 1, 0.72%, 17, 0, 9, 4445.64
1669687139, 2, 33, 286, 153, 0, 0.72%, 17, 0, 9, 4450.14
1669687144, 2, 99, 286, 146, 0, 0.72%, 19, 0, 9, 4425.95
1669687149, 2, 136, 288, 142, 0, 0.72%, 19, 0, 9, 4360.72
1669687154, 2, 162, 288, 138, 0, 0.72%, 19, 0, 9, 4418.21
1669687159, 2, 175, 288, 135, 0, 0.72%, 19, 0, 9, 4419.90
1669687164, 2, 177, 290, 136, 0, 0.72%, 19, 0, 9, 4397.85
1669687169, 2, 190, 291, 134, 0, 0.72%, 19, 0, 9, 4420.84
1669687174, 2, 190, 299, 142, 0, 0.78%, 19, 0, 9, 4406.12
1669687179, 2, 292, 301, 142, 3, 0.78%, 19, 0, 9, 4417.21
1669687184, 2, 293, 303, 143, 3, 0.78%, 19, 0, 9, 4419.15
1669687189, 2, 301, 307, 145, 2, 0.79%, 19, 0, 9, 4391.92
1669687194, 2, 304, 309, 144, 4, 0.80%, 19, 0, 9, 4365.40
1669687199, 2, 304, 314, 149, 4, 0.80%, 19, 0, 9, 4392.64
1669687204, 2, 307, 322, 156, 3, 0.81%, 19, 0, 9, 4370.13
1669687209, 2, 309, 330, 163, 5, 0.81%, 19, 0, 9, 4368.56
1669687214, 2, 317, 333, 165, 5, 0.82%, 19, 0, 10, 4324.80
1669687219, 2, 323, 336, 167, 5, 0.82%, 19, 0, 10, 4331.84
1669687225, 2, 327, 339, 169, 7, 0.83%, 19, 0, 10, 4322.22
1669687230, 2, 331, 343, 172, 8, 0.84%, 19, 0, 11, 4356.00
1669687235, 2, 332, 351, 179, 8, 0.84%, 19, 0, 11, 4384.15
1669687240, 2, 332, 355, 183, 8, 0.84%, 19, 0, 11, 4347.27
1669687245, 2, 334, 360, 187, 9, 0.85%, 19, 0, 11, 4361.42
1669687250, 2, 335, 362, 188, 10, 0.85%, 20, 0, 11, 4369.46
1669687255, 2, 336, 364, 189, 9, 0.85%, 22, 0, 11, 4381.07
1669687260, 2, 339, 365, 188, 9, 0.85%, 22, 0, 11, 4341.68
1669687265, 2, 353, 365, 186, 7, 0.85%, 22, 0, 11, 4245.54
1669687270, 2, 358, 374, 194, 6, 0.86%, 22, 0, 12, 4336.73
1669687275, 2, 363, 375, 194, 8, 0.86%, 22, 0, 12, 4346.70
1669687281, 2, 364, 377, 195, 7, 0.87%, 22, 0, 12, 4365.29
1669687286, 2, 364, 382, 200, 7, 0.87%, 22, 0, 12, 4170.13
1669687291, 2, 365, 385, 202, 9, 0.87%, 22, 0, 13, 4318.30
1669687296, 2, 367, 387, 203, 8, 0.87%, 22, 0, 13, 4330.63
1669687301, 2, 373, 389, 204, 7, 0.87%, 22, 0, 13, 4324.70
1669687306, 2, 375, 391, 205, 6, 0.87%, 22, 0, 13, 4324.60
1669687311, 2, 376, 394, 207, 5, 0.87%, 22, 0, 13, 4300.33
1669687316, 2, 378, 397, 209, 4, 0.87%, 22, 0, 13, 4290.95
1669687321, 2, 383, 399, 210, 3, 0.87%, 22, 0, 14, 4291.17
1669687327, 2, 383, 400, 211, 3, 0.87%, 22, 0, 14, 4038.04
1669687332, 2, 398, 401, 210, 2, 0.87%, 22, 0, 15, 4211.74
1669687337, 3, 319, 402, 210, 1, 0.87%, 22, 0, 15, 4307.00
1669687342, 3, 327, 403, 210, 0, 0.87%, 22, 0, 15, 4373.88
1669687347, 3, 329, 404, 210, 0, 0.87%, 22, 0, 15, 4345.31
1669687352, 3, 342, 409, 214, 0, 0.87%, 22, 0, 15, 4358.60
1669687357, 3, 411, 413, 217, 1, 0.87%, 22, 0, 15, 4275.00
1669687362, 3, 411, 418, 222, 1, 0.89%, 22, 0, 15, 4326.86
1669687367, 3, 415, 425, 228, 2, 0.89%, 22, 0, 15, 4279.10
1669687372, 3, 417, 430, 232, 3, 0.89%, 22, 0, 15, 4298.19
1669687378, 3, 417, 431, 233, 3, 0.89%, 22, 0, 15, 4303.23
1669687383, 3, 425, 432, 233, 2, 0.89%, 22, 0, 15, 4268.91
1669687388, 3, 425, 433, 234, 2, 0.89%, 22, 0, 15, 4328.39
1669687393, 3, 432, 435, 235, 1, 0.89%, 22, 0, 16, 4297.50
1669687398, 4, 59, 435, 229, 0, 0.89%, 22, 0, 16, 4383.13
1669687403, 4, 150, 435, 224, 0, 0.89%, 22, 0, 16, 4372.76
1669687408, 4, 217, 435, 220, 0, 0.89%, 22, 0, 16, 4396.76
1669687413, 4, 236, 437, 220, 0, 0.89%, 22, 0, 16, 4438.92
1669687418, 4, 260, 438, 219, 0, 0.89%, 22, 0, 16, 4437.70
1669687423, 4, 266, 442, 223, 0, 0.89%, 22, 0, 16, 4400.25
1669687429, 4, 385, 444, 224, 1, 0.89%, 22, 0, 16, 4379.00
1669687434, 4, 421, 444, 223, 1, 0.89%, 22, 0, 16, 4309.93
1669687439, 4, 421, 446, 225, 1, 0.89%, 22, 0, 16, 4289.39
1669687444, 4, 442, 449, 227, 1, 0.89%, 22, 0, 16, 4323.14
1669687449, 4, 445, 449, 226, 0, 0.89%, 22, 0, 16, 4363.83
1669687459, 4, 447, 453, 229, 0, 0.89%, 22, 0, 16, 4301.22
1669687464, 4, 447, 456, 232, 0, 0.89%, 22, 0, 16, 4324.38
1669687469, 4, 449, 458, 233, 0, 0.89%, 22, 0, 17, 4282.92
1669687474, 4, 449, 459, 234, 0, 0.89%, 22, 0, 17, 4300.27
1669687479, 4, 458, 463, 237, 1, 0.89%, 22, 0, 18, 4285.99
1669687484, 4, 458, 467, 241, 1, 0.89%, 22, 0, 18, 4258.30
1669687490, 4, 467, 468, 241, 1, 0.89%, 22, 0, 18, 4275.66
1669687495, 4, 467, 471, 244, 1, 0.89%, 22, 0, 19, 4228.39
1669687500, 4, 468, 472, 244, 1, 0.89%, 22, 0, 20, 4175.23
1669687505, 4, 468, 473, 245, 1, 0.89%, 22, 0, 20, 3889.00
1669687510, 5, 82, 474, 239, 0, 0.89%, 22, 0, 20, 4001.28
1669687515, 5, 156, 475, 235, 0, 0.89%, 22, 0, 20, 4326.04
1669687520, 5, 219, 475, 232, 0, 0.89%, 22, 0, 20, 4435.04
1669687525, 5, 234, 477, 231, 0, 0.89%, 22, 0, 20, 4467.23
1669687530, 5, 252, 484, 237, 0, 0.89%, 22, 0, 20, 4387.01
1669687535, 5, 388, 488, 240, 1, 0.90%, 22, 0, 20, 4149.77
1669687540, 5, 485, 494, 245, 1, 0.90%, 22, 0, 20, 4259.55
1669687545, 5, 492, 497, 247, 1, 0.90%, 22, 0, 20, 4267.05
1669687551, 5, 497, 500, 249, 1, 0.91%, 22, 0, 20, 4286.06
1669687556, 5, 498, 501, 249, 1, 0.91%, 22, 0, 20, 4354.75
1669687561, 5, 498, 504, 252, 1, 0.91%, 22, 0, 20, 4350.61
1669687566, 5, 503, 506, 253, 0, 0.91%, 22, 0, 20, 4316.24
1669687571, 5, 504, 507, 253, 0, 0.91%, 22, 0, 20, 3949.18
1669687586, 6, 85, 507, 245, 0, 0.91%, 22, 0, 20, 4194.24
1669687591, 6, 191, 509, 242, 0, 0.91%, 22, 0, 20, 4215.82
1669687597, 6, 274, 511, 241, 1, 0.91%, 22, 0, 20, 4256.63
1669687602, 6, 510, 514, 243, 1, 0.91%, 22, 0, 20, 4235.73
1669687607, 6, 511, 516, 244, 1, 0.92%, 22, 0, 20, 4260.52
1669687612, 6, 515, 517, 244, 1, 0.92%, 22, 0, 20, 4318.15
1669687617, 6, 515, 519, 246, 1, 0.92%, 22, 0, 20, 4350.91
1669687622, 7, 45, 519, 242, 0, 0.92%, 22, 0, 20, 4372.45
1669687627, 7, 179, 519, 239, 0, 0.92%, 22, 0, 20, 4395.12
1669687632, 7, 211, 519, 235, 0, 0.92%, 22, 0, 20, 4373.14
1669687637, 7, 246, 520, 233, 0, 0.92%, 22, 0, 20, 4432.34
1669687642, 7, 273, 520, 231, 0, 0.92%, 22, 0, 20, 4405.94
1669687647, 7, 278, 522, 232, 0, 0.92%, 22, 0, 20, 4392.17
1669687652, 7, 281, 523, 232, 0, 0.92%, 22, 0, 20, 4358.81
1669687657, 7, 311, 523, 230, 0, 0.92%, 22, 0, 20, 4344.36
1669687662, 7, 314, 523, 228, 0, 0.92%, 22, 0, 20, 4356.63
1669687667, 7, 321, 523, 226, 0, 0.92%, 22, 0, 20, 4309.98
1669687672, 7, 335, 523, 224, 0, 0.92%, 22, 0, 20, 4325.12
1669687677, 7, 343, 523, 223, 0, 0.92%, 22, 0, 20, 4345.40
1669687682, 7, 354, 524, 223, 0, 0.92%, 22, 0, 20, 4283.60
1669687688, 7, 361, 527, 224, 0, 0.92%, 23, 0, 20, 4344.82
1669687693, 7, 363, 527, 223, 0, 0.92%, 23, 0, 20, 4354.44
1669687698, 7, 371, 527, 222, 0, 0.92%, 23, 0, 20, 4344.12
1669687703, 7, 372, 527, 221, 0, 0.92%, 23, 0, 20, 4340.89
1669687708, 7, 393, 527, 220, 0, 0.92%, 23, 0, 20, 4335.20
1669687713, 7, 413, 527, 219, 0, 0.92%, 23, 0, 20, 4288.07
1669687718, 7, 419, 527, 218, 0, 0.92%, 23, 0, 20, 4261.25
1669687723, 7, 419, 528, 219, 0, 0.92%, 23, 0, 20, 4308.37
1669687728, 7, 420, 529, 219, 0, 0.92%, 23, 0, 20, 4289.16
1669687734, 7, 425, 529, 218, 0, 0.92%, 23, 0, 20, 4325.15
1669687739, 7, 426, 529, 218, 0, 0.92%, 23, 0, 20, 4302.44
1669687744, 7, 427, 529, 217, 0, 0.92%, 23, 0, 20, 4244.32
1669687749, 7, 427, 531, 219, 0, 0.92%, 23, 0, 20, 4310.64
1669687754, 7, 437, 533, 220, 0, 0.92%, 23, 0, 20, 4392.82
1669687759, 7, 437, 535, 222, 0, 0.92%, 23, 0, 20, 4367.83
1669687764, 7, 441, 535, 221, 0, 0.92%, 23, 0, 20, 4399.53
1669687769, 7, 443, 536, 221, 0, 0.92%, 23, 0, 20, 4386.60
1669687774, 7, 443, 540, 225, 0, 0.92%, 23, 0, 20, 4357.96
1669687779, 7, 451, 541, 225, 0, 0.92%, 23, 0, 20, 4280.58
1669687784, 7, 453, 541, 224, 0, 0.92%, 23, 0, 20, 4303.70
1669687789, 7, 453, 542, 225, 0, 0.92%, 23, 0, 20, 4285.76
1669687800, 7, 455, 543, 225, 0, 0.92%, 23, 0, 20, 4309.42
1669687805, 7, 455, 545, 227, 0, 0.92%, 23, 0, 20, 4291.01
1669687810, 7, 456, 546, 227, 0, 0.92%, 23, 0, 20, 4303.01
1669687820, 7, 457, 547, 227, 0, 0.92%, 23, 0, 20, 4279.04
1669687830, 7, 461, 549, 228, 0, 0.92%, 23, 0, 20, 4214.07
1669687840, 7, 470, 550, 228, 0, 0.92%, 23, 0, 20, 4222.97
1669687845, 7, 477, 550, 227, 0, 0.92%, 23, 0, 20, 4217.59
1669687855, 7, 483, 550, 226, 0, 0.92%, 23, 0, 20, 4259.39
1669687876, 7, 495, 550, 225, 0, 0.92%, 23, 0, 20, 4262.19
1669687886, 7, 502, 550, 224, 0, 0.92%, 23, 0, 20, 4300.56
1669687891, 7, 506, 550, 223, 0, 0.92%, 23, 0, 20, 4374.45
1669687896, 7, 506, 551, 224, 0, 0.92%, 23, 0, 20, 4351.36
1669687901, 7, 506, 553, 226, 0, 0.92%, 23, 0, 20, 4337.56
1669687906, 7, 514, 554, 226, 0, 0.92%, 23, 0, 20, 4373.87
1669687911, 7, 520, 554, 225, 0, 0.92%, 23, 0, 20, 4385.76
1669687916, 7, 528, 554, 224, 0, 0.92%, 23, 0, 20, 4225.54
1669687921, 7, 528, 556, 226, 0, 0.92%, 23, 0, 20, 4256.17
1669687931, 7, 535, 557, 226, 0, 0.92%, 23, 0, 20, 4311.11
1669687936, 7, 535, 559, 228, 0, 0.92%, 23, 0, 20, 4329.77
1669687942, 7, 536, 560, 228, 0, 0.92%, 23, 0, 20, 4336.72
1669687947, 7, 536, 561, 229, 0, 0.92%, 23, 0, 20, 4341.21
1669687952, 7, 548, 562, 229, 0, 0.92%, 23, 0, 20, 4232.56
1669687957, 7, 548, 563, 230, 0, 0.92%, 23, 0, 20, 4104.73
1669687967, 7, 549, 568, 234, 0, 0.92%, 23, 0, 20, 4075.79
1669687972, 7, 549, 569, 235, 0, 0.92%, 23, 0, 20, 4066.62
1669687977, 7, 549, 574, 240, 0, 0.92%, 23, 0, 20, 4183.16
1669687982, 7, 550, 574, 239, 0, 0.92%, 23, 0, 20, 4281.23
1669687992, 7, 552, 574, 238, 0, 0.92%, 23, 0, 20, 4089.55
1669688018, 7, 552, 576, 240, 0, 0.92%, 23, 0, 20, 4092.24
1669688023, 7, 553, 577, 240, 0, 0.92%, 23, 0, 20, 4168.84
1669688033, 7, 553, 579, 242, 0, 0.92%, 23, 0, 20, 4337.09
1669688038, 7, 555, 579, 241, 0, 0.92%, 23, 0, 20, 4180.73
1669688043, 7, 555, 580, 242, 0, 0.92%, 23, 0, 20, 4190.73
1669688053, 7, 564, 580, 241, 0, 0.92%, 23, 0, 20, 4090.93
1669688058, 7, 564, 581, 242, 0, 0.92%, 23, 0, 21, 4041.52
1669688069, 7, 565, 581, 241, 0, 0.92%, 23, 0, 21, 3982.28
1669688074, 7, 565, 582, 242, 0, 0.92%, 23, 0, 21, 4038.91
1669688079, 7, 569, 583, 242, 0, 0.92%, 23, 0, 21, 4053.31
1669688089, 7, 576, 583, 241, 0, 0.92%, 23, 0, 21, 4054.61
1669688114, 7, 576, 584, 242, 0, 0.92%, 23, 0, 21, 3256.58
1669688165, 7, 576, 585, 243, 0, 0.92%, 23, 0, 21, 3448.28
1669688170, 7, 578, 587, 244, 0, 0.92%, 23, 0, 21, 3875.73
1669688186, 7, 579, 587, 243, 0, 0.92%, 23, 0, 21, 4195.52
1669688201, 7, 579, 588, 244, 0, 0.92%, 23, 0, 21, 4136.72
1669688206, 7, 585, 588, 243, 0, 0.92%, 23, 0, 21, 3258.56
1669688293, 7, 585, 589, 244, 0, 0.92%, 23, 0, 21, 957.15
1669688308, 8, 147, 589, 237, 0, 0.92%, 23, 0, 21, 3727.94
1669688314, 8, 203, 589, 234, 0, 0.92%, 23, 0, 21, 4277.20
1669688319, 8, 247, 589, 230, 0, 0.92%, 23, 0, 21, 4380.46
1669688324, 8, 262, 589, 228, 0, 0.92%, 23, 0, 21, 4417.65
1669688329, 8, 286, 589, 227, 0, 0.92%, 23, 0, 21, 4351.95
1669688334, 8, 288, 589, 226, 0, 0.92%, 23, 0, 21, 4370.94
1669688339, 8, 289, 589, 225, 0, 0.92%, 23, 0, 21, 4409.57
1669688344, 8, 325, 589, 222, 0, 0.92%, 23, 0, 21, 4381.51
1669688349, 8, 341, 589, 221, 0, 0.92%, 23, 0, 21, 4345.50
1669688354, 8, 348, 589, 219, 0, 0.92%, 23, 0, 21, 4277.81
1669688359, 8, 360, 589, 217, 0, 0.92%, 24, 0, 21, 4301.02
1669688364, 8, 370, 589, 215, 0, 0.92%, 25, 0, 21, 4277.61
1669688369, 8, 377, 589, 214, 0, 0.92%, 25, 0, 21, 4329.99
1669688374, 8, 386, 590, 214, 0, 0.92%, 25, 0, 21, 4332.74
1669688379, 8, 394, 591, 214, 0, 0.92%, 25, 0, 21, 4273.75
1669688384, 8, 395, 591, 213, 0, 0.92%, 25, 0, 21, 4334.49
1669688390, 8, 401, 591, 212, 0, 0.92%, 25, 0, 21, 4276.51
1669688395, 8, 410, 591, 210, 0, 0.92%, 25, 0, 21, 4330.30
1669688400, 8, 412, 591, 209, 0, 0.92%, 25, 0, 21, 4337.73
1669688405, 8, 417, 591, 207, 0, 0.92%, 25, 0, 21, 4275.05
1669688410, 8, 422, 591, 207, 0, 0.92%, 25, 0, 21, 4273.56
1669688415, 8, 429, 591, 206, 0, 0.92%, 25, 0, 21, 4223.00
1669688420, 8, 431, 591, 205, 0, 0.92%, 25, 0, 21, 4183.71
1669688425, 8, 432, 591, 204, 0, 0.92%, 25, 0, 21, 4262.09
1669688430, 8, 450, 591, 204, 0, 0.92%, 25, 0, 21, 4285.25
1669688435, 8, 452, 591, 203, 0, 0.92%, 25, 0, 21, 4284.48
1669688440, 8, 482, 591, 202, 0, 0.92%, 25, 0, 21, 4302.02
1669688450, 8, 494, 591, 200, 0, 0.92%, 25, 0, 21, 4399.39
1669688456, 8, 497, 592, 200, 0, 0.92%, 25, 0, 21, 4292.18
1669688461, 8, 507, 592, 200, 0, 0.92%, 25, 0, 21, 4346.10
1669688476, 8, 524, 593, 200, 0, 0.92%, 25, 0, 21, 4306.39
1669688481, 8, 524, 594, 201, 0, 0.92%, 26, 0, 21, 4337.47
1669688486, 8, 525, 595, 201, 0, 0.92%, 26, 0, 21, 4292.08
1669688491, 8, 526, 596, 201, 0, 0.92%, 26, 0, 21, 4322.77
1669688496, 8, 530, 597, 201, 0, 0.92%, 26, 0, 21, 4199.34
1669688506, 8, 542, 597, 200, 0, 0.92%, 26, 0, 21, 4221.45
1669688511, 8, 542, 599, 202, 0, 0.92%, 26, 0, 21, 4259.32
1669688516, 8, 544, 599, 201, 0, 0.92%, 26, 0, 21, 4215.24
1669688526, 8, 545, 599, 200, 0, 0.92%, 26, 0, 21, 4116.94
1669688532, 8, 546, 599, 199, 0, 0.92%, 26, 0, 21, 4209.59
1669688542, 8, 547, 599, 198, 0, 0.92%, 26, 0, 21, 4136.51
1669688547, 8, 551, 600, 198, 0, 0.92%, 26, 0, 21, 4245.78
1669688552, 8, 551, 602, 200, 0, 0.92%, 26, 0, 21, 3989.37
1669688562, 8, 558, 602, 199, 0, 0.92%, 26, 0, 21, 3092.06
1669688582, 8, 558, 603, 200, 0, 0.92%, 26, 0, 21, 4017.27
1669688587, 8, 561, 603, 199, 0, 0.92%, 26, 0, 21, 4262.13
1669688592, 8, 561, 604, 200, 0, 0.92%, 26, 0, 21, 4231.38
1669688598, 8, 562, 604, 199, 0, 0.92%, 26, 0, 21, 4078.63
1669688613, 8, 571, 606, 200, 0, 0.92%, 26, 0, 21, 3997.07
1669688618, 8, 571, 607, 201, 0, 0.92%, 26, 0, 21, 3724.79
1669688643, 8, 571, 615, 209, 0, 0.92%, 26, 0, 21, 3671.32
1669688648, 8, 571, 618, 212, 0, 0.92%, 26, 0, 21, 3982.71
1669688654, 8, 582, 619, 212, 0, 0.92%, 26, 0, 22, 3986.50
1669688664, 8, 583, 619, 211, 0, 0.92%, 26, 0, 22, 3946.18
1669688735, 8, 584, 619, 210, 0, 0.92%, 26, 0, 22, 2702.75
1669688913, 8, 586, 619, 209, 0, 0.92%, 26, 0, 22, 3549.79
1669688933, 8, 586, 620, 210, 0, 0.92%, 26, 0, 22, 4161.84
1669688938, 8, 595, 620, 209, 0, 0.92%, 28, 0, 22, 4192.44
1669688943, 8, 596, 621, 209, 0, 0.92%, 29, 0, 22, 4098.68
1669688953, 8, 596, 622, 210, 0, 0.92%, 29, 0, 22, 4221.21
1669688958, 8, 621, 623, 210, 1, 0.92%, 29, 0, 22, 3941.11
1669688969, 8, 621, 624, 211, 1, 0.92%, 29, 0, 22, 4019.95
1669688974, 8, 621, 625, 212, 1, 0.92%, 29, 0, 22, 4109.87
1669688979, 8, 623, 625, 211, 1, 0.92%, 29, 0, 22, 3978.09
1669688989, 8, 623, 626, 212, 1, 0.92%, 29, 0, 22, 4027.92
1669688994, 9, 13, 627, 212, 0, 0.92%, 29, 0, 22, 4144.89
1669688999, 9, 215, 627, 208, 0, 0.92%, 29, 0, 22, 4352.50
1669689004, 9, 227, 628, 206, 0, 0.92%, 30, 0, 22, 4343.10
1669689009, 9, 275, 628, 203, 0, 0.92%, 30, 0, 22, 4381.68
1669689015, 9, 295, 628, 201, 0, 0.92%, 30, 0, 22, 4383.91
1669689020, 9, 328, 628, 199, 0, 0.92%, 30, 0, 22, 4311.93
1669689025, 9, 346, 628, 198, 0, 0.92%, 30, 0, 22, 4313.45
1669689030, 9, 350, 628, 197, 0, 0.92%, 30, 0, 22, 4303.07
1669689035, 9, 380, 628, 195, 0, 0.92%, 30, 0, 22, 4336.84
1669689040, 9, 390, 629, 195, 0, 0.92%, 30, 0, 22, 4257.30
1669689045, 9, 391, 629, 194, 0, 0.92%, 30, 0, 22, 4249.06
1669689050, 9, 406, 629, 192, 0, 0.92%, 30, 0, 22, 4271.99
1669689055, 9, 408, 629, 191, 0, 0.92%, 30, 0, 22, 4302.05
1669689060, 9, 418, 629, 189, 0, 0.92%, 30, 0, 22, 4250.30
1669689071, 9, 430, 629, 188, 0, 0.92%, 30, 0, 22, 4204.08
1669689076, 9, 444, 629, 186, 0, 0.92%, 30, 0, 22, 4235.58
1669689086, 9, 446, 629, 185, 0, 0.92%, 30, 0, 22, 4179.59
1669689091, 9, 462, 629, 184, 0, 0.92%, 30, 0, 22, 4121.85
1669689096, 9, 463, 629, 183, 0, 0.92%, 30, 0, 22, 4196.60
1669689106, 9, 466, 629, 182, 0, 0.92%, 30, 0, 22, 4124.94
1669689117, 9, 472, 629, 181, 0, 0.92%, 30, 0, 22, 4101.84
1669689122, 9, 472, 631, 183, 0, 0.92%, 30, 0, 22, 4004.37
1669689127, 9, 489, 631, 182, 0, 0.92%, 30, 0, 22, 4080.29
1669689137, 9, 491, 631, 181, 0, 0.92%, 30, 0, 22, 4190.72
1669689142, 9, 491, 632, 182, 0, 0.92%, 30, 0, 22, 4259.31
1669689147, 9, 491, 633, 183, 0, 0.92%, 30, 0, 22, 4256.42
1669689152, 9, 515, 633, 181, 0, 0.92%, 30, 0, 22, 4328.94
1669689157, 9, 527, 633, 180, 0, 0.92%, 30, 0, 22, 4267.48
1669689167, 9, 529, 633, 179, 0, 0.92%, 30, 0, 22, 4172.59
1669689178, 9, 556, 633, 178, 0, 0.92%, 30, 0, 22, 4199.68
1669689183, 9, 556, 634, 179, 0, 0.92%, 30, 0, 22, 4280.64
1669689188, 9, 559, 634, 178, 0, 0.92%, 30, 0, 22, 4263.23
1669689198, 9, 560, 634, 177, 0, 0.92%, 30, 0, 22, 4274.80
1669689203, 9, 567, 634, 176, 0, 0.92%, 30, 0, 22, 4185.34
1669689213, 9, 568, 634, 175, 0, 0.92%, 30, 0, 22, 4136.40
1669689228, 9, 594, 634, 174, 0, 0.92%, 31, 0, 22, 4153.86
1669689233, 9, 597, 634, 173, 0, 0.92%, 31, 0, 22, 4228.18
1669689243, 9, 598, 634, 172, 0, 0.92%, 31, 0, 22, 4154.99
1669689264, 9, 599, 634, 171, 0, 0.92%, 31, 0, 22, 4306.08
1669689269, 9, 601, 634, 170, 0, 0.92%, 31, 0, 22, 4209.36
1669689284, 9, 601, 635, 171, 0, 0.92%, 31, 0, 22, 4219.97
1669689289, 9, 602, 635, 170, 0, 0.92%, 31, 0, 22, 4126.88
1669689330, 9, 606, 635, 169, 0, 0.92%, 31, 0, 22, 1820.11
1669689360, 9, 606, 636, 170, 0, 0.92%, 31, 0, 22, 3370.75
1669689365, 9, 606, 638, 172, 0, 0.92%, 31, 0, 22, 3784.44
1669689371, 9, 608, 639, 172, 0, 0.92%, 31, 0, 22, 3339.32
1669689411, 9, 615, 639, 171, 0, 0.92%, 31, 0, 22, 3670.01
1669689442, 9, 620, 639, 170, 0, 0.92%, 31, 0, 22, 3965.66
1669689452, 9, 626, 639, 169, 0, 0.92%, 31, 0, 22, 4092.05
1669689468, 9, 630, 639, 168, 0, 0.92%, 31, 0, 22, 3995.05
1669689544, 9, 633, 639, 167, 0, 0.92%, 31, 0, 22, 3940.39
1669689559, 9, 633, 640, 168, 0, 0.92%, 31, 0, 22, 4132.00
1669689565, 9, 636, 640, 167, 0, 0.92%, 31, 0, 22, 3921.71
1669689595, 9, 638, 642, 168, 0, 0.92%, 31, 0, 23, 3287.07
1669689605, 9, 638, 643, 169, 0, 0.92%, 31, 0, 23, 3206.71
1669689656, 9, 638, 644, 170, 0, 0.92%, 31, 0, 23, 3102.62
1669689661, 9, 638, 649, 175, 0, 0.92%, 31, 0, 23, 3674.79
1669689666, 9, 639, 650, 175, 0, 0.92%, 31, 0, 23, 3659.74
1669689702, 9, 639, 651, 176, 0, 0.92%, 31, 0, 23, 3918.84
1669689707, 9, 640, 651, 175, 0, 0.92%, 31, 0, 23, 3406.19
1669689773, 9, 640, 652, 176, 0, 0.92%, 31, 0, 24, 3757.99
1669689778, 9, 645, 652, 175, 0, 0.92%, 31, 0, 24, 3416.32
1669689839, 9, 646, 653, 175, 0, 0.92%, 31, 0, 24, 3517.34
1669689910, 9, 647, 654, 175, 0, 0.92%, 31, 0, 24, 3504.81
1669689986, 9, 648, 654, 174, 0, 0.92%, 31, 0, 24, 3022.10
1669690052, 9, 650, 654, 173, 0, 0.92%, 31, 0, 24, 3419.83
1669690134, 10, 106, 654, 169, 0, 0.92%, 31, 0, 24, 3959.45
1669690139, 10, 207, 654, 166, 0, 0.92%, 31, 0, 24, 4298.35
1669690144, 10, 230, 654, 164, 0, 0.92%, 31, 0, 24, 4386.99
1669690149, 10, 258, 654, 161, 0, 0.92%, 31, 0, 24, 4410.08
1669690154, 10, 276, 655, 161, 0, 0.92%, 31, 0, 24, 4385.44
1669690159, 10, 290, 657, 162, 0, 0.92%, 31, 0, 24, 4343.04
1669690164, 10, 310, 657, 160, 0, 0.92%, 31, 0, 24, 4343.09
1669690169, 10, 324, 657, 158, 0, 0.92%, 31, 0, 24, 4312.74
1669690174, 10, 351, 657, 156, 0, 0.92%, 31, 0, 24, 4299.03
1669690179, 10, 362, 657, 154, 0, 0.92%, 31, 0, 24, 4317.13
1669690184, 10, 382, 657, 153, 0, 0.92%, 31, 0, 24, 4257.68
1669690189, 10, 387, 657, 152, 0, 0.92%, 31, 0, 24, 4276.80
1669690194, 10, 392, 657, 150, 0, 0.92%, 31, 0, 24, 4228.02
1669690199, 10, 404, 657, 149, 0, 0.92%, 31, 0, 24, 4279.77
1669690204, 10, 459, 657, 148, 0, 0.92%, 31, 0, 24, 4237.49
1669690209, 10, 460, 657, 147, 0, 0.92%, 31, 0, 24, 4199.71
1669690219, 10, 464, 657, 146, 0, 0.92%, 31, 0, 24, 4173.63
1669690230, 10, 479, 657, 144, 0, 0.92%, 31, 0, 24, 4281.07
1669690240, 10, 480, 657, 143, 0, 0.92%, 31, 0, 24, 4374.44
1669690260, 10, 505, 657, 142, 0, 0.92%, 31, 0, 24, 4316.38
1669690265, 10, 521, 657, 141, 0, 0.92%, 31, 0, 24, 4090.60
1669690275, 10, 523, 659, 142, 0, 0.92%, 31, 0, 24, 4276.33
1669690280, 10, 543, 659, 141, 0, 0.92%, 31, 0, 24, 4238.08
1669690285, 10, 577, 659, 140, 0, 0.92%, 31, 0, 24, 4220.22
1669690295, 10, 581, 660, 140, 0, 0.92%, 31, 0, 24, 4254.14
1669690311, 10, 590, 660, 139, 0, 0.92%, 31, 0, 24, 4244.84
1669690316, 10, 593, 660, 138, 0, 0.92%, 31, 0, 24, 4286.44
1669690321, 10, 603, 661, 138, 0, 0.92%, 31, 0, 24, 4301.34
1669690331, 10, 603, 664, 141, 0, 0.92%, 31, 0, 24, 4183.60
1669690336, 10, 611, 664, 140, 0, 0.92%, 31, 0, 24, 3828.53
1669690366, 10, 612, 664, 139, 0, 0.92%, 31, 0, 24, 3570.81
1669690402, 10, 637, 665, 139, 0, 0.92%, 31, 0, 24, 3742.07
1669690432, 10, 637, 666, 140, 0, 0.92%, 31, 0, 24, 3815.49
1669690437, 10, 644, 666, 139, 0, 0.92%, 31, 0, 24, 3363.67
1669690498, 10, 644, 667, 140, 0, 0.92%, 31, 0, 24, 2951.84
1669690503, 10, 648, 667, 139, 0, 0.92%, 31, 0, 24, 3266.25
1669690508, 10, 652, 668, 140, 0, 0.92%, 31, 0, 25, 2998.80
1669690580, 10, 658, 668, 139, 0, 0.92%, 31, 0, 25, 3492.71
1669690590, 10, 658, 670, 141, 0, 0.92%, 31, 0, 25, 4111.71
1669690595, 10, 660, 670, 140, 0, 0.92%, 31, 0, 25, 4061.97
1669690605, 10, 663, 670, 139, 0, 0.92%, 31, 0, 25, 4126.60
1669690610, 10, 663, 672, 141, 0, 0.92%, 31, 0, 25, 3998.95
1669690621, 10, 667, 673, 141, 0, 0.92%, 31, 0, 26, 3388.04
1669690687, 10, 667, 675, 143, 0, 0.92%, 31, 0, 26, 3729.02
1669690692, 10, 669, 678, 145, 0, 0.92%, 31, 0, 26, 4001.97
1669690702, 10, 677, 684, 150, 1, 0.92%, 31, 0, 26, 3888.73
1669690707, 10, 684, 685, 150, 1, 0.92%, 31, 0, 26, 4202.61
1669690712, 10, 684, 686, 151, 1, 0.92%, 31, 0, 26, 4308.59
1669690717, 11, 90, 686, 148, 0, 0.92%, 31, 0, 26, 4192.02
1669690722, 11, 265, 686, 147, 0, 0.92%, 31, 0, 26, 4336.56
1669690728, 11, 285, 686, 145, 0, 0.92%, 31, 0, 26, 4203.93
1669690733, 11, 306, 686, 143, 0, 0.92%, 31, 0, 26, 4158.32
1669690738, 11, 320, 686, 141, 0, 0.92%, 31, 0, 26, 4256.71
1669690743, 11, 356, 686, 139, 0, 0.92%, 31, 0, 26, 4043.96
1669690748, 11, 362, 686, 138, 0, 0.92%, 31, 0, 26, 4103.40
1669690753, 11, 374, 687, 139, 0, 0.92%, 31, 0, 26, 4220.97
1669690758, 11, 402, 687, 138, 0, 0.92%, 31, 0, 26, 4262.56
1669690763, 11, 428, 687, 137, 0, 0.92%, 31, 0, 26, 4154.12
1669690768, 11, 434, 687, 136, 0, 0.92%, 31, 0, 26, 4249.40
1669690773, 11, 435, 687, 135, 0, 0.92%, 31, 0, 26, 4308.39
1669690778, 11, 448, 688, 135, 0, 0.92%, 31, 0, 26, 4265.20
1669690783, 11, 468, 688, 134, 0, 0.92%, 31, 0, 26, 4052.11
1669690788, 11, 476, 690, 136, 0, 0.92%, 31, 0, 26, 4020.36
1669690794, 11, 484, 691, 136, 0, 0.92%, 31, 0, 26, 4278.26
1669690804, 11, 486, 691, 135, 0, 0.92%, 31, 0, 26, 4089.35
1669690860, 11, 508, 691, 134, 0, 0.92%, 31, 0, 26, 4265.98
1669690865, 11, 533, 691, 133, 0, 0.92%, 31, 0, 26, 3947.42
1669690875, 11, 538, 691, 132, 0, 0.92%, 31, 0, 26, 3953.26
1669690880, 11, 539, 691, 131, 0, 0.92%, 31, 0, 26, 4055.78
1669690885, 11, 540, 691, 130, 0, 0.92%, 31, 0, 26, 3998.97
1669690890, 11, 566, 691, 129, 0, 0.92%, 31, 0, 26, 4170.13
1669690905, 11, 572, 691, 128, 0, 0.92%, 31, 0, 26, 4015.64
1669690915, 11, 573, 691, 127, 0, 0.92%, 31, 0, 26, 4054.39
1669690935, 11, 574, 691, 126, 0, 0.92%, 31, 0, 26, 3677.50
1669690976, 11, 587, 691, 125, 0, 0.92%, 31, 0, 26, 3896.12
1669690996, 11, 588, 691, 124, 0, 0.92%, 31, 0, 26, 2578.25
1669691219, 11, 588, 692, 125, 0, 0.92%, 31, 0, 26, 3164.80
1669691224, 11, 607, 692, 124, 0, 0.92%, 31, 0, 26, 3541.47
1669691260, 11, 616, 692, 123, 0, 0.92%, 31, 0, 26, 3599.15
1669691301, 11, 622, 692, 122, 0, 0.92%, 31, 0, 26, 3771.43
1669691316, 11, 627, 692, 121, 0, 0.92%, 31, 0, 26, 4174.37
1669691321, 11, 627, 694, 123, 0, 0.92%, 31, 0, 26, 4225.74
1669691326, 11, 634, 695, 123, 0, 0.92%, 31, 0, 26, 4090.91
1669691346, 11, 634, 696, 124, 0, 0.92%, 31, 0, 26, 4080.10
1669691356, 11, 642, 696, 123, 0, 0.92%, 31, 0, 26, 3301.82
1669691422, 11, 642, 697, 124, 0, 0.92%, 31, 0, 26, 3578.13
1669691432, 11, 654, 697, 123, 0, 0.92%, 31, 0, 26, 4219.81
1669691437, 11, 672, 698, 123, 0, 0.92%, 31, 0, 27, 3615.61
1669691509, 11, 674, 698, 122, 0, 0.92%, 31, 0, 27, 3357.56
1669691575, 11, 675, 701, 124, 0, 0.92%, 31, 0, 27, 2940.50
1669691682, 11, 675, 703, 126, 0, 0.92%, 31, 0, 27, 3493.25
1669691687, 11, 676, 706, 128, 0, 0.92%, 31, 0, 27, 3887.13
1669691697, 11, 679, 707, 128, 0, 0.92%, 31, 0, 27, 4301.20
1669691702, 11, 680, 707, 127, 0, 0.92%, 31, 0, 27, 4064.79
1669691707, 11, 682, 707, 126, 0, 0.92%, 31, 0, 27, 4203.64
1669691717, 11, 682, 709, 128, 0, 0.92%, 31, 0, 27, 4261.00
1669691722, 11, 683, 709, 127, 0, 0.92%, 31, 0, 27, 4328.24
1669691732, 11, 685, 711, 128, 0, 0.92%, 31, 0, 27, 4339.35
1669691743, 11, 687, 712, 128, 0, 0.92%, 31, 0, 27, 4259.27
1669691748, 11, 689, 712, 127, 0, 0.92%, 31, 0, 27, 3236.71
1669691758, 11, 691, 714, 128, 0, 0.92%, 31, 0, 27, 3756.36
1669692235, 11, 693, 714, 127, 0, 0.92%, 31, 0, 27, 2485.17
1669692245, 11, 693, 715, 128, 0, 0.92%, 31, 0, 27, 4269.92
1669692250, 11, 698, 715, 127, 0, 0.92%, 31, 0, 27, 3056.29
1669692367, 11, 700, 715, 126, 0, 0.92%, 31, 0, 27, 2931.81
1669692475, 11, 707, 715, 125, 0, 0.92%, 31, 0, 27, 3612.65
1669692490, 11, 707, 716, 126, 0, 0.92%, 31, 0, 27, 4280.51
1669692495, 11, 711, 716, 125, 0, 0.92%, 31, 0, 27, 4317.49
1669692500, 11, 711, 717, 126, 0, 0.92%, 31, 0, 27, 4338.66
1669692505, 11, 713, 718, 126, 0, 0.92%, 31, 0, 27, 4279.75
1669692520, 11, 713, 720, 128, 0, 0.92%, 31, 0, 27, 4233.43
1669692525, 11, 718, 720, 127, 0, 0.92%, 31, 0, 27, 3826.68
1669692551, 12, 72, 720, 126, 0, 0.92%, 31, 0, 27, 4189.92
1669692556, 12, 285, 720, 124, 0, 0.92%, 31, 0, 27, 4298.34
1669692561, 12, 335, 720, 123, 0, 0.92%, 31, 0, 27, 4301.47
1669692566, 12, 367, 720, 122, 0, 0.92%, 31, 0, 27, 4327.90
1669692571, 12, 379, 720, 122, 0, 0.92%, 31, 0, 27, 3125.01
1669692576, 12, 381, 720, 121, 0, 0.92%, 31, 0, 27, 2945.03
1669692581, 12, 414, 720, 119, 0, 0.92%, 31, 0, 27, 3827.46
1669692586, 12, 423, 720, 118, 0, 0.92%, 31, 0, 27, 4012.90
1669692591, 12, 432, 720, 117, 0, 0.92%, 31, 0, 27, 3918.04
1669692597, 12, 454, 720, 117, 0, 0.92%, 31, 0, 27, 3800.01
1669692602, 12, 465, 720, 116, 0, 0.92%, 31, 0, 27, 3743.64
1669692612, 12, 509, 720, 115, 0, 0.92%, 31, 0, 27, 3951.12
1669692658, 12, 519, 720, 114, 0, 0.92%, 31, 0, 27, 4223.74
1669692663, 12, 531, 720, 113, 0, 0.92%, 31, 0, 27, 4022.78
1669692668, 12, 563, 720, 112, 0, 0.92%, 31, 0, 27, 3999.73
1669692673, 12, 563, 722, 114, 0, 0.92%, 31, 0, 27, 4086.12
1669692683, 12, 589, 722, 113, 0, 0.92%, 31, 0, 27, 4075.48
1669692688, 12, 603, 722, 112, 0, 0.92%, 31, 0, 27, 4028.40
1669692693, 12, 604, 722, 112, 0, 0.92%, 31, 0, 27, 3667.20
1669692729, 12, 617, 722, 111, 0, 0.92%, 31, 0, 27, 3485.80
1669692765, 12, 619, 722, 110, 0, 0.92%, 31, 0, 27, 3810.91
1669692820, 12, 635, 722, 109, 0, 0.92%, 31, 0, 27, 3405.68
1669692861, 12, 649, 722, 108, 0, 0.92%, 31, 0, 27, 3543.11
1669692937, 12, 659, 722, 107, 0, 0.92%, 31, 0, 27, 3785.36
1669692952, 12, 662, 722, 106, 0, 0.92%, 31, 0, 27, 4249.23
1669692958, 12, 673, 722, 105, 0, 0.92%, 31, 0, 27, 4056.91
1669693075, 12, 673, 723, 106, 0, 0.92%, 31, 0, 27, 2739.95
1669693085, 12, 695, 723, 105, 0, 0.92%, 31, 0, 27, 3726.34
1669693136, 12, 695, 725, 107, 0, 0.92%, 31, 0, 27, 3801.44
1669693141, 12, 695, 726, 108, 0, 0.92%, 31, 0, 27, 3966.89
1669693146, 12, 696, 726, 107, 0, 0.92%, 31, 0, 27, 3313.90
1669693223, 12, 697, 726, 106, 0, 0.92%, 31, 0, 27, 3429.14
1669693294, 12, 708, 726, 105, 0, 0.92%, 31, 0, 27, 3964.07
1669693309, 12, 708, 727, 106, 0, 0.92%, 31, 0, 27, 4176.44
1669693315, 12, 708, 728, 107, 0, 0.92%, 31, 0, 27, 4189.12
1669693320, 12, 709, 728, 106, 0, 0.92%, 31, 0, 27, 4204.47
1669693325, 12, 709, 729, 107, 0, 0.92%, 31, 0, 27, 4180.71
1669693330, 12, 716, 729, 106, 0, 0.92%, 31, 0, 27, 4278.52
1669693345, 12, 726, 729, 105, 0, 0.92%, 31, 0, 27, 4179.61
1669693381, 12, 727, 729, 104, 0, 0.92%, 31, 0, 27, 4063.27
1669693426, 12, 727, 731, 106, 0, 0.92%, 31, 0, 27, 4053.98
1669693431, 13, 23, 731, 105, 0, 0.92%, 31, 0, 27, 4133.39
1669693436, 13, 210, 731, 104, 0, 0.92%, 31, 0, 27, 4364.81
1669693441, 13, 335, 731, 103, 0, 0.92%, 31, 0, 27, 4336.05
1669693446, 13, 405, 731, 103, 0, 0.92%, 31, 0, 27, 4315.57
1669693452, 13, 436, 731, 102, 0, 0.92%, 31, 0, 27, 4366.14
1669693457, 13, 440, 731, 101, 0, 0.92%, 31, 0, 27, 4307.41
1669693462, 13, 496, 731, 100, 0, 0.92%, 31, 0, 27, 4333.82
1669693467, 13, 499, 731, 99, 0, 0.92%, 31, 0, 27, 4261.86
1669693472, 13, 522, 731, 98, 0, 0.92%, 31, 0, 27, 4290.94
1669693492, 13, 532, 731, 97, 0, 0.92%, 31, 0, 27, 4125.56
1669693512, 13, 554, 731, 96, 0, 0.92%, 31, 0, 27, 4059.23
1669693528, 13, 570, 731, 95, 0, 0.92%, 31, 0, 27, 4154.21
1669693533, 13, 570, 733, 97, 0, 0.92%, 31, 0, 27, 4251.38
1669693538, 13, 575, 733, 96, 0, 0.92%, 31, 0, 27, 3654.02
1669693650, 13, 580, 733, 95, 0, 0.92%, 31, 0, 27, 3799.46
1669693670, 13, 613, 733, 94, 0, 0.92%, 31, 0, 27, 3920.91
1669693696, 13, 625, 733, 93, 0, 0.92%, 31, 0, 27, 3975.10
1669693711, 13, 625, 734, 94, 0, 0.92%, 31, 0, 27, 4057.45
1669693716, 13, 661, 734, 93, 0, 0.92%, 31, 0, 27, 4231.91
1669693726, 13, 664, 734, 92, 0, 0.92%, 31, 0, 27, 3888.04
1669693752, 13, 665, 734, 91, 0, 0.92%, 31, 0, 27, 3892.10
1669693813, 13, 686, 734, 90, 0, 0.92%, 31, 0, 27, 3846.14
1669693818, 13, 686, 735, 91, 0, 0.92%, 31, 0, 27, 4176.83
1669693823, 13, 701, 735, 90, 0, 0.92%, 31, 0, 27, 3856.44
1669693945, 13, 703, 735, 89, 0, 0.92%, 31, 0, 27, 2858.27
1669694067, 13, 712, 735, 88, 0, 0.92%, 31, 0, 27, 4058.74
1669694078, 13, 722, 735, 87, 0, 0.92%, 31, 0, 27, 3735.66
1669694344, 13, 724, 735, 86, 0, 0.92%, 31, 0, 27, 3102.35
1669694441, 13, 724, 736, 87, 0, 0.92%, 31, 0, 27, 3442.97
1669694451, 13, 731, 736, 86, 0, 0.92%, 31, 0, 27, 3825.99
1669694456, 13, 731, 737, 87, 0, 0.92%, 31, 0, 27, 3862.87
1669694461, 13, 733, 737, 86, 0, 0.92%, 31, 0, 27, 3656.38
1669694486, 13, 733, 738, 87, 0, 0.92%, 31, 0, 27, 3343.68
1669694491, 13, 735, 738, 86, 0, 0.92%, 31, 0, 27, 3555.44
1669694709, 14, 250, 738, 84, 0, 0.92%, 31, 0, 27, 4104.51
1669694714, 14, 328, 738, 84, 0, 0.92%, 31, 0, 27, 4054.57
1669694719, 14, 352, 738, 84, 0, 0.92%, 31, 0, 27, 1614.20
1669694724, 14, 399, 738, 83, 0, 0.92%, 31, 0, 27, 3163.91
1669694729, 14, 432, 738, 82, 0, 0.92%, 31, 0, 27, 3715.69
1669694734, 14, 471, 738, 82, 0, 0.92%, 31, 0, 27, 3818.78
1669694740, 14, 487, 738, 81, 0, 0.92%, 31, 0, 27, 3778.59
1669694750, 14, 513, 738, 80, 0, 0.92%, 31, 0, 27, 4180.11
1669694760, 14, 518, 738, 79, 0, 0.92%, 31, 0, 27, 3194.58
1669694765, 14, 537, 738, 78, 0, 0.92%, 31, 0, 27, 3553.26
1669694775, 14, 589, 738, 77, 0, 0.92%, 31, 0, 27, 3391.30
